SC Studio Doc v2.0.3
Built-in Output
Built-in Microph
false
146
0.2
0
0
20171130
6
3
2
Moog: Bass 1
Drum Synth
Decimator
Dub PingPong BPM
Phasor
Dub PingPong BPM
*** MIDI Control Doc v1.2
0
0
*** End MIDI Control Doc ***
LNX_Code
215
50
670
520
SC Code Doc v1.5
Template Version v1.2
LNX_Code
Moog: Bass 1
25
1
0
0
0.03591476095818
0
0.0512109375
1
0
0
127
-1
0.035991724366767
0
8
0
1
-inf
9
0.45901309742647
1
60
12
0
0
0
0
0
1
0.03591476095818
0
0.0512109375
1
0
0
127
-1
0.035991724366767
0
8
0
1
-inf
9
0.45901309742647
1
60
12
0
0
0
0
Preset 0
0
0
1
0
*** MIDI Control Doc v1.2
0
0
*** End MIDI Control Doc ***
822
10
47
47
32
65
32
115
105
109
112
108
101
32
83
121
110
116
104
68
101
102
32
116
101
109
112
108
97
116
101
10
10
83
121
110
116
104
68
101
102
40
34
76
78
88
95
83
97
119
49
34
44
32
123
124
111
117
116
44
32
97
109
112
44
32
118
101
108
44
32
102
114
101
113
44
32
109
105
100
105
44
32
112
97
110
44
32
103
97
116
101
61
49
44
32
115
101
110
100
79
117
116
44
32
115
101
110
100
65
109
112
44
10
9
9
9
9
9
98
112
109
44
32
99
108
111
99
107
44
32
105
95
99
108
111
99
107
44
32
112
111
108
108
44
32
100
117
114
61
49
44
32
97
116
116
97
99
107
44
32
108
102
111
65
44
32
108
102
111
70
44
10
9
9
9
9
9
98
117
102
76
44
32
98
117
102
82
44
32
98
117
102
82
97
116
101
44
32
98
117
102
65
109
112
44
32
98
117
102
83
116
97
114
116
70
114
97
109
101
44
32
98
117
102
83
116
97
114
116
80
111
115
44
32
98
117
102
76
111
111
112
44
32
98
117
102
68
117
114
44
10
9
9
9
9
9
114
105
110
103
70
114
101
113
44
32
114
105
110
103
65
109
112
10
9
9
9
9
9
124
10
9
118
97
114
32
115
105
103
110
97
108
59
10
9
10
9
115
105
103
110
97
108
32
61
32
80
108
97
121
66
117
102
46
97
114
40
49
44
91
98
117
102
76
44
32
98
117
102
82
93
44
32
66
117
102
82
97
116
101
83
99
97
108
101
46
107
114
40
91
98
117
102
76
44
32
98
117
102
82
93
41
32
42
32
40
98
117
102
82
97
116
101
43
10
9
10
9
9
9
9
9
83
105
110
79
115
99
46
97
114
40
108
102
111
70
44
48
44
108
102
111
65
42
42
50
44
48
41
10
9
41
44
32
10
9
9
9
9
9
9
9
9
108
111
111
112
58
98
117
102
76
111
111
112
44
32
115
116
97
114
116
80
111
115
58
98
117
102
83
116
97
114
116
70
114
97
109
101
41
32
42
32
98
117
102
65
109
112
59
10
9
9
9
9
9
9
9
9
10
9
115
105
103
110
97
108
32
61
32
115
105
103
110
97
108
32
42
32
83
105
110
79
115
99
46
97
114
40
114
105
110
103
70
114
101
113
44
112
105
47
50
44
114
105
110
103
65
109
112
47
50
44
49
32
45
32
40
114
105
110
103
65
109
112
47
50
41
41
59
10
9
9
9
9
9
9
9
9
9
9
10
9
115
105
103
110
97
108
32
61
32
115
105
103
110
97
108
32
42
32
69
110
118
71
101
110
46
97
114
40
69
110
118
46
110
101
119
40
91
48
44
49
44
48
93
44
32
91
97
116
116
97
99
107
32
44
50
93
44
32
91
45
52
44
45
52
93
44
32
49
41
44
32
103
97
116
101
44
32
118
101
108
44
32
48
44
32
100
117
114
42
98
117
102
68
117
114
44
32
50
41
59
10
9
10
9
76
78
88
95
79
117
116
40
115
105
103
110
97
108
44
32
111
117
116
44
32
97
109
112
44
32
112
97
110
44
32
115
101
110
100
79
117
116
44
32
115
101
110
100
65
109
112
41
59
10
9
10
9
47
47
115
97
109
112
108
101
76
46
112
111
108
108
40
112
111
108
108
41
59
32
47
47
32
117
115
101
32
102
111
114
32
100
101
98
117
103
103
105
110
103
10
9
10
125
44
32
109
101
116
97
100
97
116
97
58
32
40
32
115
112
101
99
115
58
32
40
108
102
111
70
58
92
108
111
102
114
101
113
44
32
114
105
110
103
70
114
101
113
58
92
108
111
102
114
101
113
41
41
41
10
4
6
volume
MVC_SmoothSlider
*** MVC_View Document v1 ***
13
0
560
24
40
168
backgroundDisabled
0.25
0.25
0.25
1
numberDown
1
1
1
1
midiLearn
0
1
1
1
background
0.85453003875969
0.85453003875969
0.85453003875969
0.37091206395349
hilite
0
0
0
0.63620397286822
knob
0
0
0
1
knobBorder
0.58499878875969
0.82939680232558
0.8375121124031
1
numberUp
0
0
0
1
knobDisabled
0.6
0.6
0.6
1
border
0.58869307170543
0.84780765503876
0.84780765503876
1
label
1
1
1
1
disabled
0.3
0.3
0.3
1
focus
1
0
0
1
*** END MVC_View Document ***
inAmp
MVC_MyKnob3
*** MVC_View Document v1 ***
10
0
568
268
26
26
pin
0
0
0
1
background
0.85453003875969
0.85453003875969
0.85453003875969
0.37091206395349
numberUp
0
0
0
1
off
0
0
0
1
on
0.49355014534884
0.74000726744186
0.78112887596899
1
midiLearn
0
1
1
1
numberDown
1
1
1
1
label
1
1
1
1
disabled
0.3
0.3
0.3
1
focus
0
0
0
0
*** END MVC_View Document ***
pan
MVC_MyKnob3
*** MVC_View Document v1 ***
10
0
568
224
26
26
pin
0
0
0
1
background
0.85453003875969
0.85453003875969
0.85453003875969
0.37091206395349
numberUp
0
0
0
1
off
0
0
0
1
on
0.49355014534884
0.74000726744186
0.78112887596899
1
midiLearn
0
1
1
1
numberDown
1
1
1
1
label
1
1
1
1
disabled
0.3
0.3
0.3
1
focus
0
0
0
0
*** END MVC_View Document ***
sendAmp
MVC_MyKnob3
*** MVC_View Document v1 ***
10
0
568
288
26
26
pin
0
0
0
1
background
0.85453003875969
0.85453003875969
0.85453003875969
0.37091206395349
numberUp
0
0
0
1
off
0
0
0
1
on
0.49355014534884
0.74000726744186
0.78112887596899
1
midiLearn
0
1
1
1
numberDown
1
1
1
1
label
1
1
1
1
disabled
0.3
0.3
0.3
1
focus
0
0
0
0
*** END MVC_View Document ***
26
MVC_SmoothSlider
0
*** MVC_View Document v1 ***
13
0
400
24
56
272
backgroundDisabled
0.25
0.25
0.25
1
numberDown
1
0.5
0
1
midiLearn
0
1
1
1
background
0.85453003875969
0.85453003875969
0.85453003875969
0.37091206395349
hilite
0
0
0
0.63620397286822
knob
0
0
0
1
knobBorder
0.58499878875969
0.82939680232558
0.8375121124031
1
numberUp
0
0
0
1
knobDisabled
0.6
0.6
0.6
1
border
0.58869307170543
0.84780765503876
0.84780765503876
1
label
1
1
1
1
disabled
0.3
0.3
0.3
1
focus
0
0
0
0
*** END MVC_View Document ***
15
MVC_SmoothSlider
0.22759046052632
*** MVC_View Document v1 ***
13
0
224
24
56
272
backgroundDisabled
0.25
0.25
0.25
1
numberDown
1
0.5
0
1
midiLearn
0
1
1
1
background
0.85453003875969
0.85453003875969
0.85453003875969
0.37091206395349
hilite
0
0
0
0.63620397286822
knob
0
0
0
1
knobBorder
0.58499878875969
0.82939680232558
0.8375121124031
1
numberUp
0
0
0
1
knobDisabled
0.6
0.6
0.6
1
border
0.58869307170543
0.84780765503876
0.84780765503876
1
label
1
1
1
1
disabled
0.3
0.3
0.3
1
focus
0
0
0
0
*** END MVC_View Document ***
25
MVC_SmoothSlider
0.40712469255365
*** MVC_View Document v1 ***
13
0
464
24
56
272
backgroundDisabled
0.25
0.25
0.25
1
numberDown
1
0.5
0
1
midiLearn
0
1
1
1
background
0.85453003875969
0.85453003875969
0.85453003875969
0.37091206395349
hilite
0
0
0
0.63620397286822
knob
0
0
0
1
knobBorder
0.58499878875969
0.82939680232558
0.8375121124031
1
numberUp
0
0
0
1
knobDisabled
0.6
0.6
0.6
1
border
0.58869307170543
0.84780765503876
0.84780765503876
1
label
1
1
1
1
disabled
0.3
0.3
0.3
1
focus
0
0
0
0
*** END MVC_View Document ***
13
MVC_SmoothSlider
0.8273907424812
*** MVC_View Document v1 ***
13
0
120
24
56
272
backgroundDisabled
0.25
0.25
0.25
1
numberDown
1
0.5
0
1
midiLearn
0
1
1
1
background
0.85453003875969
0.85453003875969
0.85453003875969
0.37091206395349
hilite
0
0
0
0.63620397286822
knob
0
0
0
1
knobBorder
0.58499878875969
0.82939680232558
0.8375121124031
1
numberUp
0
0
0
1
knobDisabled
0.6
0.6
0.6
1
border
0.58869307170543
0.84780765503876
0.84780765503876
1
label
1
1
1
1
disabled
0.3
0.3
0.3
1
focus
0
0
0
0
*** END MVC_View Document ***
16
MVC_SmoothSlider
2.1446465740772
*** MVC_View Document v1 ***
13
0
288
24
56
272
backgroundDisabled
0.25
0.25
0.25
1
numberDown
1
0.5
0
1
midiLearn
0
1
1
1
background
0.85453003875969
0.85453003875969
0.85453003875969
0.37091206395349
hilite
0
0
0
0.63620397286822
knob
0
0
0
1
knobBorder
0.58499878875969
0.82939680232558
0.8375121124031
1
numberUp
0
0
0
1
knobDisabled
0.6
0.6
0.6
1
border
0.58869307170543
0.84780765503876
0.84780765503876
1
label
1
1
1
1
disabled
0.3
0.3
0.3
1
focus
0
0
0
0
*** END MVC_View Document ***
14
MVC_SmoothSlider
0
*** MVC_View Document v1 ***
13
0
56
24
56
272
backgroundDisabled
0.25
0.25
0.25
1
numberDown
1
0.5
0
1
midiLearn
0
1
1
1
background
0.85453003875969
0.85453003875969
0.85453003875969
0.37091206395349
hilite
0
0
0
0.63620397286822
knob
0
0
0
1
knobBorder
0.58499878875969
0.82939680232558
0.8375121124031
1
numberUp
0
0
0
1
knobDisabled
0.6
0.6
0.6
1
border
0.58869307170543
0.84780765503876
0.84780765503876
1
label
1
1
1
1
disabled
0.3
0.3
0.3
1
focus
0
0
0
0
*** END MVC_View Document ***
LNX PRSeq DOC v1.2
1
LNX Score DOC v1.4
8
0
32
19.21875
8
2
649
1
16
1
39
0
2
0.78740157480315
39
6
2
0.78740157480315
39
8
2
0.78740157480315
39
14
2
0.78740157480315
39
16
2
0.78740157480315
39
20
2
0.78740157480315
39
24
2
0.78740157480315
39
30
2
0.78740157480315
*** END Score DOC ***
LNX Score DOC v1.4
8
0
32
19.21875
8
2
649
1
16
1
39
0
2
0.78740157480315
39
6
2
0.78740157480315
39
8
2
0.78740157480315
39
14
2
0.78740157480315
39
16
2
0.78740157480315
39
20
2
0.78740157480315
39
24
2
0.78740157480315
39
30
2
0.78740157480315
*** END Score DOC ***
*** END PRSeq DOC ***
6
ringAmp
0
lfoA
0.22759046052632
lfoF
2.1446465740772
dur
0.8273907424812
attack
0
ringFreq
0.40712469255365
SC URL Bank Doc v1.1

16
http://lnxstudio.sourceforge.net/samples/moog_bass1/sub37 bass 001.aiff
1
0
120
1
0
0
sub37 bass 001.aiff
40.09773046875
0.0043576684328589
100
http://lnxstudio.sourceforge.net/samples/moog_bass1/sub37 bass 002.aiff
1
0
120
1
0
0
sub37 bass 002.aiff
42.09773046875
0.0064904744869018
100
http://lnxstudio.sourceforge.net/samples/moog_bass1/sub37 bass 003.aiff
1
0
120
1
0
0
sub37 bass 003.aiff
44.09773046875
0.0045472198587046
100
http://lnxstudio.sourceforge.net/samples/moog_bass1/sub37 bass 004.aiff
1
0
120
1
0
0
sub37 bass 004.aiff
46.09773046875
0.0047479509913882
100
http://lnxstudio.sourceforge.net/samples/moog_bass1/sub37 bass 005.aiff
1
0
120
1
0
0
sub37 bass 005.aiff
48.09773046875
0.0068493330045895
100
http://lnxstudio.sourceforge.net/samples/moog_bass1/sub37 bass 006.aiff
1
0
120
1
0
0
sub37 bass 006.aiff
50.09773046875
0.0046728153039913
100
http://lnxstudio.sourceforge.net/samples/moog_bass1/sub37 bass 007.aiff
1
0
120
1
0
0
sub37 bass 007.aiff
52.09773046875
0.0047412028800536
100
http://lnxstudio.sourceforge.net/samples/moog_bass1/sub37 bass 008.aiff
1
0
120
1
0
0
sub37 bass 008.aiff
54.09773046875
0.0064972225982364
100
http://lnxstudio.sourceforge.net/samples/moog_bass1/sub37 bass 009.aiff
1
0
120
1
0
0
sub37 bass 009.aiff
56.09773046875
0.0045942552018874
100
http://lnxstudio.sourceforge.net/samples/moog_bass1/sub37 bass 010.aiff
1
0
120
1
0
0
sub37 bass 010.aiff
58.09773046875
0.0048342663856229
100
http://lnxstudio.sourceforge.net/samples/moog_bass1/sub37 bass 011.aiff
1
0
120
1
0
0
sub37 bass 011.aiff
60.09773046875
0.0064769782642327
100
http://lnxstudio.sourceforge.net/samples/moog_bass1/sub37 bass 012.aiff
1
0
120
1
0
0
sub37 bass 012.aiff
62.09773046875
0.0046402833642739
100
http://lnxstudio.sourceforge.net/samples/moog_bass1/sub37 bass 013.aiff
1
0
120
1
0
0
sub37 bass 013.aiff
64.09773046875
0.0047501667891399
100
http://lnxstudio.sourceforge.net/samples/moog_bass1/sub37 bass 014.aiff
1
0
120
1
0
0
sub37 bass 014.aiff
66.09773046875
0.0065319703357054
100
http://lnxstudio.sourceforge.net/samples/moog_bass1/sub37 bass 015.aiff
1
0
120
1
0
0
sub37 bass 015.aiff
68.09773046875
0.0046907431221638
100
http://lnxstudio.sourceforge.net/samples/moog_bass1/sub37 bass 016.aiff
1
0
120
1
0
0
sub37 bass 016.aiff
70.09773046875
0.0048229859607054
100
*** END URL Bank Doc ***
*** END INSTRUMENT DOC ***
LNX_DrumSynth
315
142
735
433
SC DrumSynth Doc v1.4
Template Version v1.2
LNX_DrumSynth
Drum Synth
135
1
0
1
0
2
30
1.6
0.0785
0.72
0.135
1.3
0
0
0
0
0
0
0
0
0
0
0
12
60
0
127
0
1
0
0
0
0
0
0
-0.34953125
0
0
0
-1
-2
-1
-1
-1
-inf
-3.2477723139884
-inf
-inf
-inf
0
0
0
0
0
0
0
0
0
0
0
0
0
0
0
1
1
1
1
1
44
0
1.116509765625
0
0.5
0.691119140625
1
1.3
1
0
0
0
0
0
1
0
1.5
0
2.9
0
0
0
40
0
0.7
0
0.5
0
0
0
0.3
0
0.5
0
0.5
0
0.2
0
0.513759765625
0
0
0
0.5
0
1
0
0.4
0
1
0
1
0
0
1
1
1
1
1
0
0
0
0
0
0
0.7
-1
-inf
0
0
1
0
2
30
1.6
0.0785
0.72
0.135
1.3
0
0
0
0
0
0
0
0
0
0
0
12
60
0
127
0
1
0
0
0
0
0
0
-0.34953125
0
0
0
-1
-2
-1
-1
-1
-inf
-3.2477723139884
-inf
-inf
-inf
0
0
0
0
0
0
0
0
0
0
0
0
0
0
0
1
1
1
1
1
44
0
1.116509765625
0
0.5
0.691119140625
1
1.3
1
0
0
0
0
0
1
0
1.5
0
2.9
0
0
0
40
0
0.7
0
0.5
0
0
0
0.3
0
0.5
0
0.5
0
0.2
0
0.513759765625
0
0
0
0.5
0
1
0
0.4
0
1
0
1
0
0
1
1
1
1
1
0
0
0
0
0
0
0.7
-1
-inf
0
Preset 0
0
0
0
0
*** MIDI Control Doc v1.2
0
0
*** End MIDI Control Doc ***
5
7
1
0.5
36
32
4
0
2
1
0.24393284574468
0.45607546542553
0.15895113031915
1
0.32363696808511
0.44219581117021
1
0.27721908244681
0.16397938829787
1
0.3192736037234
1
0.30327460106383
0.56062998670213
0.31108710106383
1
0.44913563829787
0.21388796542553
1
0.35193650265957
0.19651761968085
1
0.27115192819149
0.74330950797872
0.23425033244681
0.59242021276596
0.26691323138298
0.38863031914894
0.23379321808511
0.1454454787234
0.083568816489362
1
0.5
36
16
4
0
2
0
0.31619847074468
0
0
1
0
0.27327127659574
0.48948636968085
0.3973986037234
0
0
0
1
0
0
0.36003989361702
0
0
0
0
0
0
0
0
0
0
0
0
0
0
0
0
1
0.5
36
32
4
0
2
0
0
0
0
0
0
0
0
0
0
0
0
0
0
0
0
0
0
0
0
0
0
0
0
0
0
0
0
0
0
0
0
1
0.5
36
32
4
0
2
0
0
0
0
0
0
0
0
0
0
0
0
0
0
0
0
0
0
0
0
0
0
0
0
0
0
0
0
0
0
0
0
1
0.5
36
4
4
0
2
1
0.61145279255319
0.73325299202128
0.35555186170213
0
0
0
0
0
0
0
0
0
0
0
0
0
0
0
0
0
0
0
0
0
0
0
0
0
0
0
0
1
0.5
36
32
4
0
2
1
0.24393284574468
0.45607546542553
0.15895113031915
1
0.32363696808511
0.44219581117021
1
0.27721908244681
0.16397938829787
1
0.3192736037234
1
0.30327460106383
0.56062998670213
0.31108710106383
1
0.44913563829787
0.21388796542553
1
0.35193650265957
0.19651761968085
1
0.27115192819149
0.74330950797872
0.23425033244681
0.59242021276596
0.26691323138298
0.38863031914894
0.23379321808511
0.1454454787234
0.083568816489362
1
0.5
36
16
4
0
2
0
0.31619847074468
0
0
1
0
0.27327127659574
0.48948636968085
0.3973986037234
0
0
0
1
0
0
0.36003989361702
0
0
0
0
0
0
0
0
0
0
0
0
0
0
0
0
1
0.5
36
32
4
0
2
0
0
0
0
0
0
0
0
0
0
0
0
0
0
0
0
0
0
0
0
0
0
0
0
0
0
0
0
0
0
0
0
1
0.5
36
32
4
0
2
0
0
0
0
0
0
0
0
0
0
0
0
0
0
0
0
0
0
0
0
0
0
0
0
0
0
0
0
0
0
0
0
1
0.5
36
4
4
0
2
1
0.61145279255319
0.73325299202128
0.35555186170213
0
0
0
0
0
0
0
0
0
0
0
0
0
0
0
0
0
0
0
0
0
0
0
0
0
0
0
0
*** END INSTRUMENT DOC ***
LNX_CodeFX
240
73
263
294
SC CodeFX Doc v1.4
Template Version v1.2
LNX_CodeFX
Decimator
19
0
0
1
0.0042653236966657
-1
0
1
0
0
127
-2
-inf
0
8
0
1
0.0042653236966657
263
294
9
1
0
1
0
*** MIDI Control Doc v1.2
0
0
*** End MIDI Control Doc ***
591
47
47
32
116
104
101
32
68
101
99
105
109
97
116
111
114
32
40
83
97
109
112
108
101
32
82
97
116
101
32
38
32
66
105
116
32
114
101
100
117
99
116
105
111
110
41
10
47
47
10
47
47
32
49
115
116
32
100
101
102
105
110
101
32
97
32
115
112
101
99
32
38
32
97
32
110
117
109
98
101
114
32
102
117
110
99
32
119
105
116
104
32
115
97
109
101
32
110
97
109
101
46
32
40
99
111
112
105
101
115
32
102
117
110
99
32
102
114
111
109
32
102
114
101
113
41
10
83
112
101
99
46
97
100
100
40
92
115
114
44
91
52
48
44
32
52
52
49
48
48
44
32
92
101
120
112
44
32
48
44
32
52
52
49
48
48
44
32
34
32
72
122
34
93
41
59
10
77
86
67
95
78
117
109
98
101
114
70
117
110
99
46
97
100
100
40
92
115
114
44
77
86
67
95
78
117
109
98
101
114
70
117
110
99
46
97
116
40
92
102
114
101
113
41
41
59
10
10
83
121
110
116
104
68
101
102
40
34
76
78
88
95
68
101
99
105
109
97
116
111
114
34
44
32
123
124
111
110
44
32
111
117
116
44
32
97
109
112
44
32
105
110
44
32
105
110
65
109
112
44
32
115
101
110
100
79
117
116
44
32
115
101
110
100
65
109
112
44
32
115
97
109
112
108
101
82
97
116
101
44
32
98
105
116
115
124
10
9
10
9
118
97
114
32
115
105
103
110
97
108
44
32
115
105
103
110
97
108
73
110
32
61
32
73
110
46
97
114
40
105
110
44
32
50
41
32
42
32
105
110
65
109
112
59
10
9
10
9
115
105
103
110
97
108
32
61
32
68
101
99
105
109
97
116
111
114
46
97
114
40
115
105
103
110
97
108
73
110
44
32
115
97
109
112
108
101
82
97
116
101
44
32
98
105
116
115
32
41
59
10
9
10
9
76
78
88
95
70
88
79
117
116
40
115
105
103
110
97
108
44
115
105
103
110
97
108
73
110
44
111
110
44
111
117
116
44
97
109
112
44
48
44
115
101
110
100
79
117
116
44
115
101
110
100
65
109
112
41
59
10
9
10
125
44
32
10
114
97
116
101
115
58
32
91
110
105
108
44
110
105
108
44
48
46
49
44
110
105
108
44
48
46
49
44
110
105
108
44
48
46
49
44
110
105
108
44
110
105
108
93
44
10
109
101
116
97
100
97
116
97
58
32
40
32
115
112
101
99
115
58
32
40
32
115
97
109
112
108
101
82
97
116
101
58
32
92
115
114
44
32
98
105
116
115
58
91
49
44
51
50
44
92
101
120
112
93
32
41
41
41
10
3
2
volume
MVC_MyKnob3
*** MVC_View Document v1 ***
10
0
181
20
26
26
pin
0
0
0
1
background
0
0
0
0.5
numberUp
0
0
0
1
off
0
0
0
1
on
0.82945736434109
0.86118622678926
1
1
midiLearn
0
1
1
1
numberDown
1
1
1
1
label
1
1
1
1
disabled
0.3
0.3
0.3
1
focus
0
0
0
0
*** END MVC_View Document ***
inAmp
MVC_MyKnob3
*** MVC_View Document v1 ***
10
0
26
20
26
26
pin
0
0
0
1
background
0
0
0
0.5
numberUp
0
0
0
1
off
0
0
0
1
on
0.82945736434109
0.86118622678926
1
1
midiLearn
0
1
1
1
numberDown
1
1
1
1
label
1
1
1
1
disabled
0.3
0.3
0.3
1
focus
0
0
0
0
*** END MVC_View Document ***
sendAmp
MVC_MyKnob3
*** MVC_View Document v1 ***
10
0
103
20
26
26
pin
0
0
0
1
background
0
0
0
0.5
numberUp
0
0
0
1
off
0
0
0
1
on
0.82945736434109
0.86118622678926
1
1
midiLearn
0
1
1
1
numberDown
1
1
1
1
label
1
1
1
1
disabled
0.3
0.3
0.3
1
focus
0
0
0
0
*** END MVC_View Document ***
7
MVC_MyKnob
875.61048592936
*** MVC_View Document v1 ***
9
0
20
80
100
100
pin
0
0
0
1
numberUp
0
0
0
1
off
0
0
0
1
on
0.82945736434109
0.86118622678926
1
1
midiLearn
0
1
1
1
numberDown
1
0.5
0
1
label
1
1
1
1
disabled
0.3
0.3
0.3
1
focus
0
0
0
0
*** END MVC_View Document ***
8
MVC_MyKnob
10.627040454877
*** MVC_View Document v1 ***
9
0
120
80
100
100
pin
0.81395348837209
0.86821705426357
1
1
numberUp
0
0
0
1
off
0
0
0
1
on
0.82945736434109
0.86118622678926
1
1
midiLearn
0
1
1
1
numberDown
1
0.5
0
1
label
1
1
1
1
disabled
0.3
0.3
0.3
1
focus
0
0
0
0
*** END MVC_View Document ***
*** END INSTRUMENT DOC ***
LNX_CodeFX
265
96
266
443
SC CodeFX Doc v1.4
Template Version v1.2
LNX_CodeFX
Dub PingPong BPM
19
0
0
1
-3.9794677874419
-1
0
1
0
0
127
-2
-inf
0
8
0
1
-0.0073458634782217
266
443
9
0
-1
1
0
*** MIDI Control Doc v1.2
0
0
*** End MIDI Control Doc ***
959
10
47
47
32
105
116
115
32
109
121
32
112
105
110
103
32
112
111
110
103
32
100
117
98
32
100
101
76
65
89
32
97
110
100
32
105
32
108
111
118
101
32
105
116
46
32
72
97
110
100
115
32
111
102
102
33
32
58
41
10
10
83
121
110
116
104
68
101
102
40
34
76
78
88
95
68
117
98
80
111
110
103
34
44
32
123
124
111
110
44
32
111
117
116
44
32
97
109
112
44
32
105
110
44
32
105
110
65
109
112
44
32
115
101
110
100
79
117
116
44
32
115
101
110
100
65
109
112
44
32
112
111
108
108
44
32
116
105
109
101
44
32
102
114
101
113
61
49
56
48
48
44
32
113
61
48
46
53
44
32
102
114
101
113
95
104
112
61
50
48
44
32
113
95
104
112
61
48
46
53
44
32
102
101
101
100
44
32
112
111
115
116
65
109
112
44
32
112
114
101
80
97
110
44
32
115
116
101
114
101
111
44
98
112
109
44
32
116
105
109
101
70
105
110
101
44
32
110
111
105
115
101
124
10
9
10
9
118
97
114
32
115
105
103
110
97
108
44
32
115
105
103
110
97
108
73
110
32
61
32
73
110
46
97
114
40
105
110
44
32
50
41
32
42
32
105
110
65
109
112
59
10
9
10
9
115
105
103
110
97
108
32
61
32
40
80
97
110
50
46
97
114
40
77
105
120
40
115
105
103
110
97
108
73
110
41
44
32
112
114
101
80
97
110
41
42
40
49
45
115
116
101
114
101
111
41
41
32
43
32
40
115
105
103
110
97
108
73
110
42
115
116
101
114
101
111
41
59
10
9
10
9
115
105
103
110
97
108
32
61
32
70
98
46
110
101
119
80
105
110
103
80
111
110
103
40
123
124
102
101
101
100
98
97
99
107
124
10
9
9
102
101
101
100
98
97
99
107
32
61
32
68
70
77
49
46
97
114
40
102
101
101
100
98
97
99
107
32
44
32
102
114
101
113
95
104
112
44
32
113
95
104
112
44
32
49
44
32
49
44
110
111
105
115
101
42
48
46
49
44
32
48
46
52
53
41
59
10
9
9
102
101
101
100
98
97
99
107
32
61
32
68
70
77
49
46
97
114
40
102
101
101
100
98
97
99
107
32
44
32
102
114
101
113
44
32
113
44
32
49
44
32
48
44
32
48
44
32
112
111
115
116
65
109
112
41
46
116
97
110
104
59
10
9
9
115
105
103
110
97
108
32
61
32
115
105
103
110
97
108
32
43
32
40
102
101
101
100
98
97
99
107
32
42
32
102
101
101
100
41
59
10
9
125
44
52
44
76
97
103
46
97
114
40
40
49
53
47
98
112
109
42
40
116
105
109
101
43
116
105
109
101
70
105
110
101
41
41
46
97
115
65
117
100
105
111
41
41
59
32
47
47
32
49
32
105
115
32
109
97
120
32
100
101
108
97
121
84
105
109
101
10
32
10
9
115
105
103
110
97
108
32
61
32
115
105
103
110
97
108
46
116
97
110
104
59
10
10
9
76
78
88
95
70
88
79
117
116
40
115
105
103
110
97
108
44
115
105
103
110
97
108
73
110
44
111
110
44
111
117
116
44
97
109
112
44
48
44
115
101
110
100
79
117
116
44
115
101
110
100
65
109
112
41
59
32
10
9
10
125
44
32
109
101
116
97
100
97
116
97
58
32
40
32
115
112
101
99
115
58
32
40
32
112
114
101
80
97
110
58
92
112
97
110
44
32
116
105
109
101
58
91
49
44
49
54
44
92
108
105
110
44
49
93
44
32
116
105
109
101
70
105
110
101
58
92
98
105
112
111
108
97
114
44
10
9
102
114
101
113
95
104
112
58
32
92
102
114
101
113
44
32
113
95
104
112
58
32
92
117
110
105
112
111
108
97
114
44
32
102
114
101
113
58
32
92
102
114
101
113
44
32
113
58
32
92
117
110
105
112
111
108
97
114
44
32
32
112
111
115
116
65
109
112
58
91
48
44
50
93
44
32
110
111
105
115
101
58
91
48
44
49
44
50
93
32
41
41
41
10
10
47
47
32
115
105
103
110
97
108
46
112
111
108
108
40
112
111
108
108
41
59
32
32
32
32
32
32
32
32
32
32
32
32
32
32
32
47
47
32
117
115
101
32
102
111
114
32
100
101
98
117
103
103
105
110
103
10
10
3
11
volume
MVC_MyKnob3
*** MVC_View Document v1 ***
10
0
181
20
26
26
pin
0
0
0
1
background
0
0
0
0.5
numberUp
0
0
0
1
off
0
0
0
1
on
0.54484617248062
0.91796646131918
1
1
midiLearn
0
1
1
1
numberDown
1
1
1
1
label
1
1
1
1
disabled
0.3
0.3
0.3
1
focus
0
0
0
0
*** END MVC_View Document ***
inAmp
MVC_MyKnob3
*** MVC_View Document v1 ***
10
0
26
20
26
26
pin
0
0
0
1
background
0
0
0
0.5
numberUp
0
0
0
1
off
0
0
0
1
on
0.54484617248062
0.91796646131918
1
1
midiLearn
0
1
1
1
numberDown
1
1
1
1
label
1
1
1
1
disabled
0.3
0.3
0.3
1
focus
0
0
0
0
*** END MVC_View Document ***
sendAmp
MVC_MyKnob3
*** MVC_View Document v1 ***
10
0
103
20
26
26
pin
0
0
0
1
background
0
0
0
0.5
numberUp
0
0
0
1
off
0
0
0
1
on
0.54484617248062
0.91796646131918
1
1
midiLearn
0
1
1
1
numberDown
1
1
1
1
label
1
1
1
1
disabled
0.3
0.3
0.3
1
focus
0
0
0
0
*** END MVC_View Document ***
10
MVC_MyKnob3
0
*** MVC_View Document v1 ***
10
0
132
208
32
32
pin
0
0
0
1
background
0
0
0
0.5
numberUp
0
0
0
1
off
0
0
0
1
on
0.54484617248062
0.91796646131918
1
1
midiLearn
0
1
1
1
numberDown
1
0.5
0
1
label
1
1
1
1
disabled
0.3
0.3
0.3
1
focus
0
0
0
0
*** END MVC_View Document ***
11
MVC_MyKnob3
288.56838285552
*** MVC_View Document v1 ***
10
0
68
280
52
52
pin
0
0
0
1
background
0
0
0
0.5
numberUp
0
0
0
1
off
0
0
0
1
on
0.54484617248062
0.91796646131918
1
1
midiLearn
0
1
1
1
numberDown
1
0.5
0
1
label
1
1
1
1
disabled
0.3
0.3
0.3
1
focus
0
0
0
0
*** END MVC_View Document ***
13
MVC_MyKnob3
0.296640625
*** MVC_View Document v1 ***
10
0
158
123
74
74
pin
0
0
0
1
background
0
0
0
0.5
numberUp
0
0
0
1
off
0
0
0
1
on
0
1
1
1
midiLearn
0
1
1
1
numberDown
1
0.5
0
1
label
1
1
1
1
disabled
0.3
0.3
0.3
1
focus
0
0
0
0
*** END MVC_View Document ***
16
MVC_MyKnob3
0
*** MVC_View Document v1 ***
10
0
64
72
35
35
pin
0
0
0
1
background
0
0
0
0.5
numberUp
0
0
0
1
off
0
0
0
1
on
0.54484617248062
0.91796646131918
1
1
midiLearn
0
1
1
1
numberDown
1
0.5
0
1
label
1
1
1
1
disabled
0.3
0.3
0.3
1
focus
0
0
0
0
*** END MVC_View Document ***
18
MVC_MyKnob3
0
*** MVC_View Document v1 ***
10
0
26
199
22
22
pin
0
0
0
1
background
0
0
0
0.5
numberUp
0
0
0
1
off
0
0
0
1
on
0.54484617248062
0.91796646131918
1
1
midiLearn
0
1
1
1
numberDown
1
0.5
0
1
label
1
1
1
1
disabled
0.3
0.3
0.3
1
focus
0
0
0
0
*** END MVC_View Document ***
8
MVC_MyKnob3
2
*** MVC_View Document v1 ***
10
0
24
136
35
35
pin
0
0
0
1
background
0
0
0
0.5
numberUp
0
0
0
1
off
0
0
0
1
on
0.54484617248062
0.91796646131918
1
1
midiLearn
0
1
1
1
numberDown
1
0.5
0
1
label
1
1
1
1
disabled
0.3
0.3
0.3
1
focus
0
0
0
0
*** END MVC_View Document ***
9
MVC_MyKnob3
2033.3750748514
*** MVC_View Document v1 ***
10
0
68
200
52
52
pin
0
0
0
1
background
0
0
0
0.5
numberUp
0
0
0
1
off
0
0
0
1
on
0.54484617248062
0.91796646131918
1
1
midiLearn
0
1
1
1
numberDown
1
0.5
0
1
label
1
1
1
1
disabled
0.3
0.3
0.3
1
focus
0
0
0
0
*** END MVC_View Document ***
15
MVC_MyKnob3
-1
*** MVC_View Document v1 ***
10
0
136
72
35
35
pin
0
0
0
1
background
0
0
0
0.5
numberUp
0
0
0
1
off
0
0
0
1
on
0.54484617248062
0.91796646131918
1
1
midiLearn
0
1
1
1
numberDown
1
0.5
0
1
label
1
1
1
1
disabled
0.3
0.3
0.3
1
focus
0
0
0
0
*** END MVC_View Document ***
14
MVC_MyKnob3
1.0227734375
*** MVC_View Document v1 ***
10
0
100
136
35
35
pin
0
0
0
1
background
0
0
0
0.37662337662338
numberUp
0
0
0
1
off
0
0
0
1
on
0.54484617248062
0.91796646131918
1
1
midiLearn
0
1
1
1
numberDown
1
0.5
0
1
label
1
1
1
1
disabled
0.3
0.3
0.3
1
focus
0
0
0
0
*** END MVC_View Document ***
19
MVC_MyKnob3
0
*** MVC_View Document v1 ***
10
0
188
250
25
25
pin
0
0
0
1
background
0
0
0
0.5
numberUp
0
0
0
1
off
0
0
0
1
on
0.54484617248062
0.91796646131918
1
1
midiLearn
0
1
1
1
numberDown
1
0.5
0
1
label
1
1
1
1
disabled
0.3
0.3
0.3
1
focus
0
0
0
0
*** END MVC_View Document ***
12
MVC_MyKnob3
0
*** MVC_View Document v1 ***
10
0
132
288
32
32
pin
0
0
0
1
background
0
0
0
0.5
numberUp
0
0
0
1
off
0
0
0
1
on
0.54484617248062
0.91796646131918
1
1
midiLearn
0
1
1
1
numberDown
1
0.5
0
1
label
1
1
1
1
disabled
0.3
0.3
0.3
1
focus
0
0
0
0
*** END MVC_View Document ***
*** END INSTRUMENT DOC ***
LNX_CodeFX
290
119
265
245
SC CodeFX Doc v1.4
Template Version v1.2
LNX_CodeFX
Phasor
19
0
0
1
0
0
0
1
0
0
127
-2
-inf
0
8
0
1
-5.5271678730159
265
245
9
0
-1
1
0
*** MIDI Control Doc v1.2
0
0
*** End MIDI Control Doc ***
412
10
47
47
32
65
32
115
105
109
112
108
101
32
70
88
32
116
101
109
112
108
97
116
101
10
10
83
121
110
116
104
68
101
102
40
34
76
78
88
95
80
104
97
115
111
114
70
88
34
44
32
123
124
111
110
44
32
111
117
116
44
32
97
109
112
44
32
105
110
44
32
105
110
65
109
112
44
32
115
101
110
100
79
117
116
44
32
115
101
110
100
65
109
112
44
32
112
111
108
108
44
32
115
112
101
101
100
61
49
56
48
48
44
32
97
109
111
117
110
116
61
48
46
53
124
10
9
10
9
118
97
114
32
115
105
103
110
97
108
44
32
115
105
103
110
97
108
73
110
32
61
32
73
110
46
97
114
40
105
110
44
32
50
41
32
42
32
105
110
65
109
112
59
10
9
10
32
32
32
32
32
115
105
103
110
97
108
32
61
32
65
108
108
112
97
115
115
78
46
97
114
40
115
105
103
110
97
108
73
110
32
44
48
46
48
50
44
83
105
110
79
115
99
46
107
114
40
115
112
101
101
100
44
48
44
48
46
48
49
42
97
109
111
117
110
116
44
48
46
48
49
41
41
59
32
47
47
109
97
120
32
100
101
108
97
121
32
111
102
32
50
48
109
115
101
99
10
9
10
9
76
78
88
95
70
88
79
117
116
40
115
105
103
110
97
108
44
115
105
103
110
97
108
73
110
44
111
110
44
111
117
116
44
97
109
112
44
48
44
115
101
110
100
79
117
116
44
115
101
110
100
65
109
112
41
59
10
9
10
125
44
32
109
101
116
97
100
97
116
97
58
32
40
32
115
112
101
99
115
58
32
40
32
115
112
101
101
100
58
91
48
46
49
44
50
48
44
92
101
120
112
44
48
44
49
44
34
32
72
122
34
93
44
32
113
58
32
92
117
110
105
112
111
108
97
114
32
41
41
41
10
10
3
2
volume
MVC_MyKnob3
*** MVC_View Document v1 ***
10
0
181
20
26
26
pin
0
0
0
1
background
0
0
0
0.5
numberUp
0
0
0
1
off
0
0
0
1
on
0.75399709302326
0.98556341952153
1
1
midiLearn
0
1
1
1
numberDown
1
1
1
1
label
1
1
1
1
disabled
0.3
0.3
0.3
1
focus
0
0
0
0
*** END MVC_View Document ***
inAmp
MVC_MyKnob3
*** MVC_View Document v1 ***
10
0
26
20
26
26
pin
0
0
0
1
background
0
0
0
0.5
numberUp
0
0
0
1
off
0
0
0
1
on
0.75399709302326
0.98556341952153
1
1
midiLearn
0
1
1
1
numberDown
1
1
1
1
label
1
1
1
1
disabled
0.3
0.3
0.3
1
focus
0
0
0
0
*** END MVC_View Document ***
sendAmp
MVC_MyKnob3
*** MVC_View Document v1 ***
10
0
103
20
26
26
pin
0
0
0
1
background
0
0
0
0.5
numberUp
0
0
0
1
off
0
0
0
1
on
0.75399709302326
0.98556341952153
1
1
midiLearn
0
1
1
1
numberDown
1
1
1
1
label
1
1
1
1
disabled
0.3
0.3
0.3
1
focus
0
0
0
0
*** END MVC_View Document ***
8
MVC_MyKnob3
0.14451047935152
*** MVC_View Document v1 ***
10
0
50
75
55
55
pin
0
0
0
1
background
0
0
0
0.5
numberUp
0
0
0
1
off
0
0
0
1
on
0.75399709302326
0.98556341952153
1
1
midiLearn
0
1
1
1
numberDown
1
0.5
0
1
label
1
1
1
1
disabled
0.3
0.3
0.3
1
focus
0
0
0
0
*** END MVC_View Document ***
9
MVC_MyKnob3
1
*** MVC_View Document v1 ***
10
0
130
75
55
55
pin
0
0
0
1
background
0
0
0
0.5
numberUp
0
0
0
1
off
0
0
0
1
on
0.75399709302326
0.98556341952153
1
1
midiLearn
0
1
1
1
numberDown
1
0.5
0
1
label
1
1
1
1
disabled
0.3
0.3
0.3
1
focus
0
0
0
0
*** END MVC_View Document ***
*** END INSTRUMENT DOC ***
LNX_CodeFX
340
165
266
443
SC CodeFX Doc v1.4
Template Version v1.2
LNX_CodeFX
Dub PingPong BPM
19
1
0
1
0.043761899061842
0
0
1
0
0
127
-2
-inf
1
8
0
1
-0.0073458634782217
266
443
9
0
1
0.043761899061842
0
0
1
0
0
127
-2
-inf
1
8
0
1
-0.0073458634782217
266
443
9
Preset 0
0
-1
1
0
*** MIDI Control Doc v1.2
0
0
*** End MIDI Control Doc ***
959
10
47
47
32
105
116
115
32
109
121
32
112
105
110
103
32
112
111
110
103
32
100
117
98
32
100
101
76
65
89
32
97
110
100
32
105
32
108
111
118
101
32
105
116
46
32
72
97
110
100
115
32
111
102
102
33
32
58
41
10
10
83
121
110
116
104
68
101
102
40
34
76
78
88
95
68
117
98
80
111
110
103
34
44
32
123
124
111
110
44
32
111
117
116
44
32
97
109
112
44
32
105
110
44
32
105
110
65
109
112
44
32
115
101
110
100
79
117
116
44
32
115
101
110
100
65
109
112
44
32
112
111
108
108
44
32
116
105
109
101
44
32
102
114
101
113
61
49
56
48
48
44
32
113
61
48
46
53
44
32
102
114
101
113
95
104
112
61
50
48
44
32
113
95
104
112
61
48
46
53
44
32
102
101
101
100
44
32
112
111
115
116
65
109
112
44
32
112
114
101
80
97
110
44
32
115
116
101
114
101
111
44
98
112
109
44
32
116
105
109
101
70
105
110
101
44
32
110
111
105
115
101
124
10
9
10
9
118
97
114
32
115
105
103
110
97
108
44
32
115
105
103
110
97
108
73
110
32
61
32
73
110
46
97
114
40
105
110
44
32
50
41
32
42
32
105
110
65
109
112
59
10
9
10
9
115
105
103
110
97
108
32
61
32
40
80
97
110
50
46
97
114
40
77
105
120
40
115
105
103
110
97
108
73
110
41
44
32
112
114
101
80
97
110
41
42
40
49
45
115
116
101
114
101
111
41
41
32
43
32
40
115
105
103
110
97
108
73
110
42
115
116
101
114
101
111
41
59
10
9
10
9
115
105
103
110
97
108
32
61
32
70
98
46
110
101
119
80
105
110
103
80
111
110
103
40
123
124
102
101
101
100
98
97
99
107
124
10
9
9
102
101
101
100
98
97
99
107
32
61
32
68
70
77
49
46
97
114
40
102
101
101
100
98
97
99
107
32
44
32
102
114
101
113
95
104
112
44
32
113
95
104
112
44
32
49
44
32
49
44
110
111
105
115
101
42
48
46
49
44
32
48
46
52
53
41
59
10
9
9
102
101
101
100
98
97
99
107
32
61
32
68
70
77
49
46
97
114
40
102
101
101
100
98
97
99
107
32
44
32
102
114
101
113
44
32
113
44
32
49
44
32
48
44
32
48
44
32
112
111
115
116
65
109
112
41
46
116
97
110
104
59
10
9
9
115
105
103
110
97
108
32
61
32
115
105
103
110
97
108
32
43
32
40
102
101
101
100
98
97
99
107
32
42
32
102
101
101
100
41
59
10
9
125
44
52
44
76
97
103
46
97
114
40
40
49
53
47
98
112
109
42
40
116
105
109
101
43
116
105
109
101
70
105
110
101
41
41
46
97
115
65
117
100
105
111
41
41
59
32
47
47
32
49
32
105
115
32
109
97
120
32
100
101
108
97
121
84
105
109
101
10
32
10
9
115
105
103
110
97
108
32
61
32
115
105
103
110
97
108
46
116
97
110
104
59
10
10
9
76
78
88
95
70
88
79
117
116
40
115
105
103
110
97
108
44
115
105
103
110
97
108
73
110
44
111
110
44
111
117
116
44
97
109
112
44
48
44
115
101
110
100
79
117
116
44
115
101
110
100
65
109
112
41
59
32
10
9
10
125
44
32
109
101
116
97
100
97
116
97
58
32
40
32
115
112
101
99
115
58
32
40
32
112
114
101
80
97
110
58
92
112
97
110
44
32
116
105
109
101
58
91
49
44
49
54
44
92
108
105
110
44
49
93
44
32
116
105
109
101
70
105
110
101
58
92
98
105
112
111
108
97
114
44
10
9
102
114
101
113
95
104
112
58
32
92
102
114
101
113
44
32
113
95
104
112
58
32
92
117
110
105
112
111
108
97
114
44
32
102
114
101
113
58
32
92
102
114
101
113
44
32
113
58
32
92
117
110
105
112
111
108
97
114
44
32
32
112
111
115
116
65
109
112
58
91
48
44
50
93
44
32
110
111
105
115
101
58
91
48
44
49
44
50
93
32
41
41
41
10
10
47
47
32
115
105
103
110
97
108
46
112
111
108
108
40
112
111
108
108
41
59
32
32
32
32
32
32
32
32
32
32
32
32
32
32
32
47
47
32
117
115
101
32
102
111
114
32
100
101
98
117
103
103
105
110
103
10
10
3
11
volume
MVC_MyKnob3
*** MVC_View Document v1 ***
10
0
181
20
26
26
pin
0
0
0
1
background
0
0
0
0.5
numberUp
0
0
0
1
off
0
0
0
1
on
0.54484617248062
0.91796646131918
1
1
midiLearn
0
1
1
1
numberDown
1
1
1
1
label
1
1
1
1
disabled
0.3
0.3
0.3
1
focus
0
0
0
0
*** END MVC_View Document ***
inAmp
MVC_MyKnob3
*** MVC_View Document v1 ***
10
0
26
20
26
26
pin
0
0
0
1
background
0
0
0
0.5
numberUp
0
0
0
1
off
0
0
0
1
on
0.54484617248062
0.91796646131918
1
1
midiLearn
0
1
1
1
numberDown
1
1
1
1
label
1
1
1
1
disabled
0.3
0.3
0.3
1
focus
0
0
0
0
*** END MVC_View Document ***
sendAmp
MVC_MyKnob3
*** MVC_View Document v1 ***
10
0
103
20
26
26
pin
0
0
0
1
background
0
0
0
0.5
numberUp
0
0
0
1
off
0
0
0
1
on
0.54484617248062
0.91796646131918
1
1
midiLearn
0
1
1
1
numberDown
1
1
1
1
label
1
1
1
1
disabled
0.3
0.3
0.3
1
focus
0
0
0
0
*** END MVC_View Document ***
10
MVC_MyKnob3
0.2966796875
*** MVC_View Document v1 ***
10
0
132
208
32
32
pin
0
0
0
1
background
0
0
0
0.5
numberUp
0
0
0
1
off
0
0
0
1
on
0.54484617248062
0.91796646131918
1
1
midiLearn
0
1
1
1
numberDown
1
0.5
0
1
label
1
1
1
1
disabled
0.3
0.3
0.3
1
focus
0
0
0
0
*** END MVC_View Document ***
11
MVC_MyKnob3
171.81970316466
*** MVC_View Document v1 ***
10
0
68
280
52
52
pin
0
0
0
1
background
0
0
0
0.5
numberUp
0
0
0
1
off
0
0
0
1
on
0.54484617248062
0.91796646131918
1
1
midiLearn
0
1
1
1
numberDown
1
0.5
0
1
label
1
1
1
1
disabled
0.3
0.3
0.3
1
focus
0
0
0
0
*** END MVC_View Document ***
13
MVC_MyKnob3
0.57875
*** MVC_View Document v1 ***
10
0
158
123
74
74
pin
0
0
0
1
background
0
0
0
0.5
numberUp
0
0
0
1
off
0
0
0
1
on
0
1
1
1
midiLearn
0
1
1
1
numberDown
1
0.5
0
1
label
1
1
1
1
disabled
0.3
0.3
0.3
1
focus
0
0
0
0
*** END MVC_View Document ***
16
MVC_MyKnob3
0
*** MVC_View Document v1 ***
10
0
64
72
35
35
pin
0
0
0
1
background
0
0
0
0.5
numberUp
0
0
0
1
off
0
0
0
1
on
0.54484617248062
0.91796646131918
1
1
midiLearn
0
1
1
1
numberDown
1
0.5
0
1
label
1
1
1
1
disabled
0.3
0.3
0.3
1
focus
0
0
0
0
*** END MVC_View Document ***
18
MVC_MyKnob3
0
*** MVC_View Document v1 ***
10
0
26
199
22
22
pin
0
0
0
1
background
0
0
0
0.5
numberUp
0
0
0
1
off
0
0
0
1
on
0.54484617248062
0.91796646131918
1
1
midiLearn
0
1
1
1
numberDown
1
0.5
0
1
label
1
1
1
1
disabled
0.3
0.3
0.3
1
focus
0
0
0
0
*** END MVC_View Document ***
8
MVC_MyKnob3
3
*** MVC_View Document v1 ***
10
0
24
136
35
35
pin
0
0
0
1
background
0
0
0
0.5
numberUp
0
0
0
1
off
0
0
0
1
on
0.54484617248062
0.91796646131918
1
1
midiLearn
0
1
1
1
numberDown
1
0.5
0
1
label
1
1
1
1
disabled
0.3
0.3
0.3
1
focus
0
0
0
0
*** END MVC_View Document ***
9
MVC_MyKnob3
64.762404431122
*** MVC_View Document v1 ***
10
0
68
200
52
52
pin
0
0
0
1
background
0
0
0
0.5
numberUp
0
0
0
1
off
0
0
0
1
on
0.54484617248062
0.91796646131918
1
1
midiLearn
0
1
1
1
numberDown
1
0.5
0
1
label
1
1
1
1
disabled
0.3
0.3
0.3
1
focus
0
0
0
0
*** END MVC_View Document ***
15
MVC_MyKnob3
-1
*** MVC_View Document v1 ***
10
0
136
72
35
35
pin
0
0
0
1
background
0
0
0
0.5
numberUp
0
0
0
1
off
0
0
0
1
on
0.54484617248062
0.91796646131918
1
1
midiLearn
0
1
1
1
numberDown
1
0.5
0
1
label
1
1
1
1
disabled
0.3
0.3
0.3
1
focus
0
0
0
0
*** END MVC_View Document ***
14
MVC_MyKnob3
1.0227734375
*** MVC_View Document v1 ***
10
0
100
136
35
35
pin
0
0
0
1
background
0
0
0
0.37662337662338
numberUp
0
0
0
1
off
0
0
0
1
on
0.54484617248062
0.91796646131918
1
1
midiLearn
0
1
1
1
numberDown
1
0.5
0
1
label
1
1
1
1
disabled
0.3
0.3
0.3
1
focus
0
0
0
0
*** END MVC_View Document ***
19
MVC_MyKnob3
0
*** MVC_View Document v1 ***
10
0
188
250
25
25
pin
0
0
0
1
background
0
0
0
0.5
numberUp
0
0
0
1
off
0
0
0
1
on
0.54484617248062
0.91796646131918
1
1
midiLearn
0
1
1
1
numberDown
1
0.5
0
1
label
1
1
1
1
disabled
0.3
0.3
0.3
1
focus
0
0
0
0
*** END MVC_View Document ***
12
MVC_MyKnob3
0
*** MVC_View Document v1 ***
10
0
132
288
32
32
pin
0
0
0
1
background
0
0
0
0.5
numberUp
0
0
0
1
off
0
0
0
1
on
0.54484617248062
0.91796646131918
1
1
midiLearn
0
1
1
1
numberDown
1
0.5
0
1
label
1
1
1
1
disabled
0.3
0.3
0.3
1
focus
0
0
0
0
*** END MVC_View Document ***
11
feed
0.57875
postAmp
1.0227734375
q
0.2966796875
q_hp
0
noise
0
freq
64.762404431122
prePan
-1
freq_hp
171.81970316466
timeFine
0
stereo
0
time
3
*** END INSTRUMENT DOC ***
SC POP Doc v1.1
6
16
32
0
0
0
0
0
0
0
0
0
0
0
0
0
0
0
0
0
2
2
2
2
2
2
2
2
2
2
2
2
2
2
2
3
2
2
2
2
2
2
2
2
2
2
2
2
2
2
2
2
2
2
2
2
2
2
2
2
2
2
2
2
2
2
2
2
2
2
2
2
2
2
2
2
2
2
2
2
2
2
2
2
2
2
2
2
2
2
2
2
2
2
2
2
2
2
2
0
2
2
2
2
2
2
2
2
2
2
2
2
2
2
2
***EOD of POP Doc***
*** END STUDIO DOC ***
