SC Studio Doc v2.0.3
nil
nil
false
120
0.2
0
0
20171116
4
3
32
Drum Synth
Bum Note 2
Drive
Dub PingPong BPM
*** MIDI Control Doc v1.2
0
0
*** End MIDI Control Doc ***
LNX_DrumSynth
215
50
735
433
SC DrumSynth Doc v1.4
Template Version v1.2
LNX_DrumSynth
Drum Synth
135
2
0
1
0
1
30
1.6
0.0785
0.72
0.135
1.3
0
0
0
0
0
0
0
0
0
0
0
12
60
0
127
0
1
0
0
0
0
0
0
0
0
0
0
-1
-1
-1
-1
-1
-inf
-inf
-inf
-inf
-inf
0
0
0
0
0
0
0
0
0
0
0
0
0
0
0
1
1
1
1
1
44
0
0.80735546875
0
0.5
0.99
0.9
1
1
0
0
0
0
0
1
0
1.5
0
2.9
0
0
0
40
0
0.7
0
0.5
0
0
0
0.3
0
0.5
0
0.5
0
0.2
0
0.355626953125
0
0
0
0.5
0
1
0
0.4
0
1
0
1
0
0
1
1
1
1
1
0
0
0
0
0
0
0.7
-1
-inf
0
0
1
0
1
30
1.6
0.0785
0.72
0.135
1.3
0
0
0
0
0
0
0
0
0
0
0
12
60
0
127
0
1
0
0
0
0
0
0
0
0
0
0
-1
-1
-1
-1
-1
-inf
-inf
-inf
-inf
-inf
0
0
0
0
0
0
0
0
0
0
0
0
0
0
0
1
1
1
1
1
44
0
0.80735546875
0
0.5
0.99
0.9
1
1
0
0
0
0
0
1
0
1.5
0
2.9
0
0
0
40
0
0.7
0
0.5
0
0
0
0.3
0
0.5
0
0.5
0
0.2
0
0.355626953125
0
0
0
0.5
0
1
0
0.4
0
1
0
1
0
0
1
1
1
1
1
0
0
0
0
0
0
0.7
-1
-inf
0
0
1
0
0
30
1.6
0.0785
0.72
0.135
1.3
0
0
0
0
0
0
0
0
0
0
0
12
60
0
127
0
1
0
0
0
0
0
0
0
0
0
0
-1
-1
-1
-1
-1
-inf
-inf
-inf
-inf
-inf
0
0
0
0
0
0
0
0
0
0
0
0
0
0
0
1
1
1
1
1
44
0
0.80735546875
0
0.5
0.99
0.9
1
1
0
0
0
0
0
1
0
1.5
0
2.9
0
0
0
40
0
0.7
0
0.5
0
0
0
0.3
0
0.5
0
0.5
0
0.2
0
0.355626953125
0
0
0
0.5
0
1
0
0.4
0
1
0
1
0
0
1
1
1
1
1
0
0
0
0
0
0
0.7
-1
-inf
0
Preset 0
Preset 1
0
0
0
0
*** MIDI Control Doc v1.2
0
0
*** End MIDI Control Doc ***
5
7
1
0.5
36
32
4
0
2
1
0
0
0
0
0
1
0
0
0
0.7573553856383
0
0.50295046542553
0
0
0.53428357712766
1
0
0
0
0.51450299202128
0
0.25660738031915
0
1
0
0
0
1
0
0
0
1
0.5
36
32
4
0
2
0
0
0
0
1
0
0.31366356382979
0
0
0.30127992021277
0
0
1
0
0
0
0
0.56640625
0
0.32421875
1
0
0
0
0
0.49596908244681
0
0
1
0
0.15088929521277
0.33419215425532
1
0.5
36
32
4
0
2
0
0
0
0
0
0
0
0
0
0
0
0
0
0
0
0
0
0
0
0
0
0
0
0
0
0
0
0
0
0
0
0
1
0.5
36
32
4
0
2
0
0
0
0
0
0
0
0
0
0
0
0
0
0
0
0
0
0
0
0
0
0
0
0
0
0
0
0
0
0
0
0
1
0.5
36
4
4
0
2
1
0.2412732712766
0.73774102393617
0.18587932180851
0
0
0
0
0
0
0
0
0
0
0
0
0
0
0
0
0
0
0
0
0
0
0
0
0
0
0
0
1
0.5
36
32
4
0
2
1
0
0
0
0
0
1
0
0
0
0.7573553856383
0
0.50295046542553
0
0
0.53428357712766
1
0
0
0
0.51450299202128
0
0.25660738031915
0
1
0
0
0
1
0
0
0
1
0.5
36
32
4
0
2
0
0
0
0
1
0
0.31366356382979
0
0
0.30127992021277
0
0
1
0
0
0
0
0.56640625
0
0.32421875
1
0
0
0
0
0.49596908244681
0
0
1
0
0.15088929521277
0.33419215425532
1
0.5
36
32
4
0
2
0
0
0
0
0
0
0
0
0
0
0
0
0
0
0
0
0
0
0
0
0
0
0
0
0
0
0
0
0
0
0
0
1
0.5
36
32
4
0
2
0
0
0
0
0
0
0
0
0
0
0
0
0
0
0
0
0
0
0
0
0
0
0
0
0
0
0
0
0
0
0
0
1
0.5
36
4
4
0
2
1
0.2412732712766
0.73774102393617
0.18587932180851
0
0
0
0
0
0
0
0
0
0
0
0
0
0
0
0
0
0
0
0
0
0
0
0
0
0
0
0
1
0.5
36
32
4
0
2
0.40275930851064
0
0
0
0
0
0.25457114361702
0
0
0
0.16543384308511
0
0.25984873670213
0
0
0.16235871010638
0.24825465425532
0
0
0
0.51450299202128
0
0.25660738031915
0
0.21176861702128
0
0
0
0.21359707446809
0
0
0
1
0.5
36
32
4
0
2
0
0
0
0
1
0
0.31366356382979
0
0
0.30127992021277
0
0
1
0
0
0
0
0.56640625
0
0.32421875
1
0
0
0
0
0.49596908244681
0
0
1
0
0.15088929521277
0.33419215425532
1
0.5
36
32
4
0
2
0
0
0
0
0
0
0
0
0
0
0
0
0
0
0
0
0
0
0
0
0
0
0
0
0
0
0
0
0
0
0
0
1
0.5
36
32
4
0
2
0
0
0
0
0
0
0
0
0
0
0
0
0
0
0
0
0
0
0
0
0
0
0
0
0
0
0
0
0
0
0
0
1
0.5
36
4
4
0
2
1
0.2412732712766
0.73774102393617
0.18587932180851
0
0
0
0
0
0
0
0
0
0
0
0
0
0
0
0
0
0
0
0
0
0
0
0
0
0
0
0
*** END INSTRUMENT DOC ***
LNX_BumNote2
240
73
723
565
SC BumNote2 Doc v1.6
Template Version v1.2
LNX_BumNote2
Bum Note 2
81
0
0
1
0
0.9
0.23
0.1802376953125
1
0
0
-5.784375
0
11
60
0
0
0
0
-inf
0.2
0.2
0.01
0
1
1.0602019777561
0.001
0.72
0
0
127
0
-1
-13.407094899263
0.688515625
0
1
1
-8.0231469646027
1
0
-4
0
1
-3.9584483046001
0
0.7
-17.87265625
0
0
0
0
0.85197265625
0.001
0.8
-4
0
1
5.2400758522324
0
0
40
0
0.65310546875
18
0
1
1
0
0
0
0
0
0
8
1
1
0
2
0
2
0
0
0
0
0
0
*** MIDI Control Doc v1.2
0
0
*** End MIDI Control Doc ***
6
LNX StepSequencer Doc v1.1
9
32
0
1
0.5
36
32
4
0
2
1
1
1
0
0
0
0
0
1
0
0
0
0
0
0
0
0
0
0
0
0
0
0
0
0
0
0
0
0
0
1
0
1
0
*** END OBJECT DOC ***
LNX StepSequencer Doc v1.1
9
32
0
1
0.5
36
32
4
0
2
1
1
0
0
1
0
0
0
0
0
1
0
0
0
0
0
0
0
0
0
0
0
0
0
0
0
0
0
0
0
0
0
0
0
*** END OBJECT DOC ***
LNX StepSequencer Doc v1.1
9
32
0
1
0.5
36
32
4
0
2
1
1
1
0
0
0
0
0
0
0
0
0
0
0
0
0
0
0
0
0
0
0
0
0
0
0
0
0
0
0
0
0
0
0
*** END OBJECT DOC ***
LNX StepSequencer Doc v1.1
9
32
0
1
0.5
36
32
4
0
2
1
1
40
-1
-1
-1
-1
-1
40
-1
-1
-1
-1
-1
-1
-1
-1
-1
-1
-1
-1
-1
-1
-1
-1
-1
-1
-1
-1
-1
41
-1
-1
-1
*** END OBJECT DOC ***
LNX StepSequencer Doc v1.1
9
32
0
1
0.5
36
32
4
0
2
1
1
0
0
0
0
0
0
0
0
0
0
0
0
0
0
0
0
0
0
0
0
0
0
0
0
0
0
0
0
0
0
0
0
*** END OBJECT DOC ***
LNX StepSequencer Doc v1.1
9
32
0
1
0.5
36
32
4
0
2
1
1
0
0
0
0
0
0
0
0
0
0
0
0
0
0
0
0
0
0
0
0
0
0
0
0
0
0
0
0
0
0
0
0
*** END OBJECT DOC ***
LNX PRSeq DOC v1.2
0
LNX Score DOC v1.4
0
0
64
10.3125
15
0
1020
1
16
1
*** END Score DOC ***
*** END PRSeq DOC ***
*** END INSTRUMENT DOC ***
LNX_Distort
265
96
262
143
SC Distort Doc v1.1
Template Version v1.2
LNX_Distort
Drive
12
0
0
1
0.1
0
0.8
0
0
0
0
0
0
0
0
0
0
0
*** MIDI Control Doc v1.2
0
0
*** End MIDI Control Doc ***
*** END INSTRUMENT DOC ***
LNX_CodeFX
290
119
266
443
SC CodeFX Doc v1.4
Template Version v1.2
LNX_CodeFX
Dub PingPong BPM
19
0
0
1
0.043761899061842
0
0
1
0
0
127
-2
-inf
0
8
0
1
-0.0073458634782217
266
443
9
0
-1
1
0
*** MIDI Control Doc v1.2
0
0
*** End MIDI Control Doc ***
959
10
47
47
32
105
116
115
32
109
121
32
112
105
110
103
32
112
111
110
103
32
100
117
98
32
100
101
76
65
89
32
97
110
100
32
105
32
108
111
118
101
32
105
116
46
32
72
97
110
100
115
32
111
102
102
33
32
58
41
10
10
83
121
110
116
104
68
101
102
40
34
76
78
88
95
68
117
98
80
111
110
103
34
44
32
123
124
111
110
44
32
111
117
116
44
32
97
109
112
44
32
105
110
44
32
105
110
65
109
112
44
32
115
101
110
100
79
117
116
44
32
115
101
110
100
65
109
112
44
32
112
111
108
108
44
32
116
105
109
101
44
32
102
114
101
113
61
49
56
48
48
44
32
113
61
48
46
53
44
32
102
114
101
113
95
104
112
61
50
48
44
32
113
95
104
112
61
48
46
53
44
32
102
101
101
100
44
32
112
111
115
116
65
109
112
44
32
112
114
101
80
97
110
44
32
115
116
101
114
101
111
44
98
112
109
44
32
116
105
109
101
70
105
110
101
44
32
110
111
105
115
101
124
10
9
10
9
118
97
114
32
115
105
103
110
97
108
44
32
115
105
103
110
97
108
73
110
32
61
32
73
110
46
97
114
40
105
110
44
32
50
41
32
42
32
105
110
65
109
112
59
10
9
10
9
115
105
103
110
97
108
32
61
32
40
80
97
110
50
46
97
114
40
77
105
120
40
115
105
103
110
97
108
73
110
41
44
32
112
114
101
80
97
110
41
42
40
49
45
115
116
101
114
101
111
41
41
32
43
32
40
115
105
103
110
97
108
73
110
42
115
116
101
114
101
111
41
59
10
9
10
9
115
105
103
110
97
108
32
61
32
70
98
46
110
101
119
80
105
110
103
80
111
110
103
40
123
124
102
101
101
100
98
97
99
107
124
10
9
9
102
101
101
100
98
97
99
107
32
61
32
68
70
77
49
46
97
114
40
102
101
101
100
98
97
99
107
32
44
32
102
114
101
113
95
104
112
44
32
113
95
104
112
44
32
49
44
32
49
44
110
111
105
115
101
42
48
46
49
44
32
48
46
52
53
41
59
10
9
9
102
101
101
100
98
97
99
107
32
61
32
68
70
77
49
46
97
114
40
102
101
101
100
98
97
99
107
32
44
32
102
114
101
113
44
32
113
44
32
49
44
32
48
44
32
48
44
32
112
111
115
116
65
109
112
41
46
116
97
110
104
59
10
9
9
115
105
103
110
97
108
32
61
32
115
105
103
110
97
108
32
43
32
40
102
101
101
100
98
97
99
107
32
42
32
102
101
101
100
41
59
10
9
125
44
52
44
76
97
103
46
97
114
40
40
49
53
47
98
112
109
42
40
116
105
109
101
43
116
105
109
101
70
105
110
101
41
41
46
97
115
65
117
100
105
111
41
41
59
32
47
47
32
49
32
105
115
32
109
97
120
32
100
101
108
97
121
84
105
109
101
10
32
10
9
115
105
103
110
97
108
32
61
32
115
105
103
110
97
108
46
116
97
110
104
59
10
10
9
76
78
88
95
70
88
79
117
116
40
115
105
103
110
97
108
44
115
105
103
110
97
108
73
110
44
111
110
44
111
117
116
44
97
109
112
44
48
44
115
101
110
100
79
117
116
44
115
101
110
100
65
109
112
41
59
32
10
9
10
125
44
32
109
101
116
97
100
97
116
97
58
32
40
32
115
112
101
99
115
58
32
40
32
112
114
101
80
97
110
58
92
112
97
110
44
32
116
105
109
101
58
91
49
44
49
54
44
92
108
105
110
44
49
93
44
32
116
105
109
101
70
105
110
101
58
92
98
105
112
111
108
97
114
44
10
9
102
114
101
113
95
104
112
58
32
92
102
114
101
113
44
32
113
95
104
112
58
32
92
117
110
105
112
111
108
97
114
44
32
102
114
101
113
58
32
92
102
114
101
113
44
32
113
58
32
92
117
110
105
112
111
108
97
114
44
32
32
112
111
115
116
65
109
112
58
91
48
44
50
93
44
32
110
111
105
115
101
58
91
48
44
49
44
50
93
32
41
41
41
10
10
47
47
32
115
105
103
110
97
108
46
112
111
108
108
40
112
111
108
108
41
59
32
32
32
32
32
32
32
32
32
32
32
32
32
32
32
47
47
32
117
115
101
32
102
111
114
32
100
101
98
117
103
103
105
110
103
10
10
3
11
volume
MVC_MyKnob3
*** MVC_View Document v1 ***
10
0
181
20
26
26
pin
0
0
0
1
background
0
0
0
0.5
numberUp
0
0
0
1
off
0
0
0
1
on
0.54484617248062
0.91796646131918
1
1
midiLearn
0
1
1
1
numberDown
1
1
1
1
label
1
1
1
1
disabled
0.3
0.3
0.3
1
focus
0
0
0
0
*** END MVC_View Document ***
inAmp
MVC_MyKnob3
*** MVC_View Document v1 ***
10
0
26
20
26
26
pin
0
0
0
1
background
0
0
0
0.5
numberUp
0
0
0
1
off
0
0
0
1
on
0.54484617248062
0.91796646131918
1
1
midiLearn
0
1
1
1
numberDown
1
1
1
1
label
1
1
1
1
disabled
0.3
0.3
0.3
1
focus
0
0
0
0
*** END MVC_View Document ***
sendAmp
MVC_MyKnob3
*** MVC_View Document v1 ***
10
0
103
20
26
26
pin
0
0
0
1
background
0
0
0
0.5
numberUp
0
0
0
1
off
0
0
0
1
on
0.54484617248062
0.91796646131918
1
1
midiLearn
0
1
1
1
numberDown
1
1
1
1
label
1
1
1
1
disabled
0.3
0.3
0.3
1
focus
0
0
0
0
*** END MVC_View Document ***
10
MVC_MyKnob3
0
*** MVC_View Document v1 ***
10
0
132
208
32
32
pin
0
0
0
1
background
0
0
0
0.5
numberUp
0
0
0
1
off
0
0
0
1
on
0.54484617248062
0.91796646131918
1
1
midiLearn
0
1
1
1
numberDown
1
0.5
0
1
label
1
1
1
1
disabled
0.3
0.3
0.3
1
focus
0
0
0
0
*** END MVC_View Document ***
11
MVC_MyKnob3
288.56838285552
*** MVC_View Document v1 ***
10
0
68
280
52
52
pin
0
0
0
1
background
0
0
0
0.5
numberUp
0
0
0
1
off
0
0
0
1
on
0.54484617248062
0.91796646131918
1
1
midiLearn
0
1
1
1
numberDown
1
0.5
0
1
label
1
1
1
1
disabled
0.3
0.3
0.3
1
focus
0
0
0
0
*** END MVC_View Document ***
13
MVC_MyKnob3
0.57875
*** MVC_View Document v1 ***
10
0
158
123
74
74
pin
0
0
0
1
background
0
0
0
0.5
numberUp
0
0
0
1
off
0
0
0
1
on
0
1
1
1
midiLearn
0
1
1
1
numberDown
1
0.5
0
1
label
1
1
1
1
disabled
0.3
0.3
0.3
1
focus
0
0
0
0
*** END MVC_View Document ***
16
MVC_MyKnob3
0
*** MVC_View Document v1 ***
10
0
64
72
35
35
pin
0
0
0
1
background
0
0
0
0.5
numberUp
0
0
0
1
off
0
0
0
1
on
0.54484617248062
0.91796646131918
1
1
midiLearn
0
1
1
1
numberDown
1
0.5
0
1
label
1
1
1
1
disabled
0.3
0.3
0.3
1
focus
0
0
0
0
*** END MVC_View Document ***
18
MVC_MyKnob3
0
*** MVC_View Document v1 ***
10
0
26
199
22
22
pin
0
0
0
1
background
0
0
0
0.5
numberUp
0
0
0
1
off
0
0
0
1
on
0.54484617248062
0.91796646131918
1
1
midiLearn
0
1
1
1
numberDown
1
0.5
0
1
label
1
1
1
1
disabled
0.3
0.3
0.3
1
focus
0
0
0
0
*** END MVC_View Document ***
8
MVC_MyKnob3
2
*** MVC_View Document v1 ***
10
0
24
136
35
35
pin
0
0
0
1
background
0
0
0
0.5
numberUp
0
0
0
1
off
0
0
0
1
on
0.54484617248062
0.91796646131918
1
1
midiLearn
0
1
1
1
numberDown
1
0.5
0
1
label
1
1
1
1
disabled
0.3
0.3
0.3
1
focus
0
0
0
0
*** END MVC_View Document ***
9
MVC_MyKnob3
2033.3750748514
*** MVC_View Document v1 ***
10
0
68
200
52
52
pin
0
0
0
1
background
0
0
0
0.5
numberUp
0
0
0
1
off
0
0
0
1
on
0.54484617248062
0.91796646131918
1
1
midiLearn
0
1
1
1
numberDown
1
0.5
0
1
label
1
1
1
1
disabled
0.3
0.3
0.3
1
focus
0
0
0
0
*** END MVC_View Document ***
15
MVC_MyKnob3
-1
*** MVC_View Document v1 ***
10
0
136
72
35
35
pin
0
0
0
1
background
0
0
0
0.5
numberUp
0
0
0
1
off
0
0
0
1
on
0.54484617248062
0.91796646131918
1
1
midiLearn
0
1
1
1
numberDown
1
0.5
0
1
label
1
1
1
1
disabled
0.3
0.3
0.3
1
focus
0
0
0
0
*** END MVC_View Document ***
14
MVC_MyKnob3
1.0227734375
*** MVC_View Document v1 ***
10
0
100
136
35
35
pin
0
0
0
1
background
0
0
0
0.37662337662338
numberUp
0
0
0
1
off
0
0
0
1
on
0.54484617248062
0.91796646131918
1
1
midiLearn
0
1
1
1
numberDown
1
0.5
0
1
label
1
1
1
1
disabled
0.3
0.3
0.3
1
focus
0
0
0
0
*** END MVC_View Document ***
19
MVC_MyKnob3
0
*** MVC_View Document v1 ***
10
0
188
250
25
25
pin
0
0
0
1
background
0
0
0
0.5
numberUp
0
0
0
1
off
0
0
0
1
on
0.54484617248062
0.91796646131918
1
1
midiLearn
0
1
1
1
numberDown
1
0.5
0
1
label
1
1
1
1
disabled
0.3
0.3
0.3
1
focus
0
0
0
0
*** END MVC_View Document ***
12
MVC_MyKnob3
0
*** MVC_View Document v1 ***
10
0
132
288
32
32
pin
0
0
0
1
background
0
0
0
0.5
numberUp
0
0
0
1
off
0
0
0
1
on
0.54484617248062
0.91796646131918
1
1
midiLearn
0
1
1
1
numberDown
1
0.5
0
1
label
1
1
1
1
disabled
0.3
0.3
0.3
1
focus
0
0
0
0
*** END MVC_View Document ***
*** END INSTRUMENT DOC ***
SC POP Doc v1.1
4
16
32
0
0
0
0
0
0
0
0
0
0
0
0
0
0
0
0
3
4
2
2
2
2
2
2
2
2
2
2
2
2
2
2
2
2
2
2
2
2
2
2
2
2
2
2
2
2
2
2
2
2
2
2
2
2
2
2
2
2
2
2
2
2
2
2
2
2
2
2
2
2
2
2
2
2
2
2
2
2
2
2
***EOD of POP Doc***
*** END STUDIO DOC ***
